Index	Queue	Material	Pass	Shader	Mesh	SubMesh	IndexCount	BaseIndex	BaseVertex
	2000	000002253777BC60	0	19	2	0	36	8364	3942
2	2000	000002253777BC60	0	19	2	0	36	8364	3942
3	2000	000002253777BC60	0	19	2	0	513	125640	30703
4	2000	000002253777BE20	0	19	2	0	84	152319	42858
	2000	000002253777BE20	0	19	2	0	144	125376	30571
6	2000	000002253777BE20	0	19	2	0	144	125376	30571
	2000	000002253777BE20	0	19	2	0	408	1104	392
	2000	000002253777BE20	0	19	2	0	408	1104	392
9	2000	000002253777BE20	0	19	2	0	408	1104	392
10	2000	000002253777BE20	0	19	2	0	408	127359	31453
11	2000	000002253777BE20	0	19	2	0	408	139599	37281
12	2000	000002253777BE20	0	19	2	0	690	145575	40101
	2000	000002253777BE20	0	19	2	0	756	8400	3966
14	2000	000002253777BE20	0	19	2	0	756	8400	3966
15	2000	000002253777BE20	0	19	2	0	768	138831	37009
16	2000	000002253777BE20	0	19	2	0	834	147243	40693
17	2000	000002253777BE20	0	19	2	0	882	131715	33973
18	2000	000002253777BE20	0	19	2	0	912	141975	38241
19	2000	000002253777BE20	0	19	2	0	960	141015	37897
20	2000	000002253777BE20	0	19	2	0	978	146265	40349
21	2000	000002253777BE20	0	19	2	0	1008	4032	2096
	2000	000002253777BE20	0	19	2	0	1008	6300	3210
23	2000	000002253777BE20	0	19	2	0	1008	6300	3210
24	2000	000002253777BE20	0	19	2	0	1008	140007	37545
25	2000	000002253777BE20	0	19	2	0	1104	0	0
26	2000	000002253777BE20	0	19	2	0	1122	133911	34749
27	2000	000002253777BE20	0	19	2	0	1176	136395	35617
28	2000	000002253777BE20	0	19	2	0	1260	1512	656
	2000	000002253777BE20	0	19	2	0	1260	2772	1376
	2000	000002253777BE20	0	19	2	0	1260	2772	1376
31	2000	000002253777BE20	0	19	2	0	1260	2772	1376
	2000	000002253777BE20	0	19	2	0	1260	5040	2448
33	2000	000002253777BE20	0	19	2	0	1260	5040	2448
34	2000	000002253777BE20	0	19	2	0	1260	127767	31717
35	2000	000002253777BE20	0	19	2	0	1260	137571	36289
36	2000	000002253777BE20	0	19	2	0	1314	132597	34285
37	2000	000002253777BE20	0	19	2	0	1344	129027	32437
38	2000	000002253777BE20	0	19	2	0	1344	130371	33205
39	2000	000002253777BE20	0	19	2	0	1344	142887	38565
40	2000	000002253777BE20	0	19	2	0	1344	144231	39333
41	2000	000002253777BE20	0	19	2	0	1344	148077	40989
42	2000	000002253777BE20	0	19	2	0	1362	135033	35141
43	2000	000002253777BE20	0	19	2	0	22668	177363	42932
44	2000	000002253777BE20	0	19	2	0	22800	200031	48352
	2000	000002253777BF00	0	19	2	0	36	9156	4326
	2000	000002253777BF00	0	19	2	0	36	9156	4326
	2000	000002253777BF00	0	19	2	0	36	9156	4326
	2000	000002253777BF00	0	19	2	0	36	9156	4326
	2000	000002253777BF00	0	19	2	0	36	9156	4326
	2000	000002253777BF00	0	19	2	0	36	9156	4326
	2000	000002253777BF00	0	19	2	0	36	9156	4326
	2000	000002253777BF00	0	19	2	0	36	9156	4326
	2000	000002253777BF00	0	19	2	0	36	9156	4326
	2000	000002253777BF00	0	19	2	0	36	9156	4326
	2000	000002253777BF00	0	19	2	0	36	9156	4326
	2000	000002253777BF00	0	19	2	0	36	9156	4326
	2000	000002253777BF00	0	19	2	0	36	9156	4326
	2000	000002253777BF00	0	19	2	0	36	9156	4326
	2000	000002253777BF00	0	19	2	0	36	9156	4326
	2000	000002253777BF00	0	19	2	0	36	9156	4326
	2000	000002253777BF00	0	19	2	0	36	9156	4326
	2000	000002253777BF00	0	19	2	0	36	9156	4326
	2000	000002253777BF00	0	19	2	0	36	9156	4326
	2000	000002253777BF00	0	19	2	0	36	9156	4326
	2000	000002253777BF00	0	19	2	0	36	9156	4326
66	2000	000002253777BF00	0	19	2	0	36	9156	4326
	2000	000002253777BF00	0	19	2	0	120	125520	30643
68	2000	000002253777BF00	0	19	2	0	120	125520	30643
69	2000	000002253777C600	0	19	2	0	36	150207	42037
70	2000	000002253777C600	0	19	2	0	84	151575	42442
	2000	000002253777C6E0	0	19	2	0	2688	49776	12957
	2000	000002253777C6E0	0	19	2	0	2688	49776	12957
	2000	000002253777C6E0	0	19	2	0	2688	49776	12957
	2000	000002253777C6E0	0	19	2	0	2688	49776	12957
	2000	000002253777C6E0	0	19	2	0	2688	49776	12957
	2000	000002253777C6E0	0	19	2	0	2688	49776	12957
	2000	000002253777C6E0	0	19	2	0	2688	49776	12957
	2000	000002253777C6E0	0	19	2	0	2688	49776	12957
	2000	000002253777C6E0	0	19	2	0	2688	49776	12957
	2000	000002253777C6E0	0	19	2	0	2688	49776	12957
	2000	000002253777C6E0	0	19	2	0	2688	49776	12957
82	2000	000002253777C6E0	0	19	2	0	2688	49776	12957
	2000	000002253777C6E0	0	19	2	0	2688	52464	13508
	2000	000002253777C6E0	0	19	2	0	2688	52464	13508
	2000	000002253777C6E0	0	19	2	0	2688	52464	13508
	2000	000002253777C6E0	0	19	2	0	2688	52464	13508
	2000	000002253777C6E0	0	19	2	0	2688	52464	13508
	2000	000002253777C6E0	0	19	2	0	2688	52464	13508
89	2000	000002253777C6E0	0	19	2	0	2688	52464	13508
	2000	000002253777C6E0	0	19	2	0	3024	46752	12353
	2000	000002253777C6E0	0	19	2	0	3024	46752	12353
	2000	000002253777C6E0	0	19	2	0	3024	46752	12353
	2000	000002253777C6E0	0	19	2	0	3024	46752	12353
	2000	000002253777C6E0	0	19	2	0	3024	46752	12353
	2000	000002253777C6E0	0	19	2	0	3024	46752	12353
	2000	000002253777C6E0	0	19	2	0	3024	46752	12353
	2000	000002253777C6E0	0	19	2	0	3024	46752	12353
	2000	000002253777C6E0	0	19	2	0	3024	46752	12353
	2000	000002253777C6E0	0	19	2	0	3024	46752	12353
	2000	000002253777C6E0	0	19	2	0	3024	46752	12353
	2000	000002253777C6E0	0	19	2	0	3024	46752	12353
	2000	000002253777C6E0	0	19	2	0	3024	46752	12353
	2000	000002253777C6E0	0	19	2	0	3024	46752	12353
	2000	000002253777C6E0	0	19	2	0	3024	46752	12353
	2000	000002253777C6E0	0	19	2	0	3024	46752	12353
	2000	000002253777C6E0	0	19	2	0	3024	46752	12353
	2000	000002253777C6E0	0	19	2	0	3024	46752	12353
	2000	000002253777C6E0	0	19	2	0	3024	46752	12353
	2000	000002253777C6E0	0	19	2	0	3024	46752	12353
	2000	000002253777C6E0	0	19	2	0	3024	46752	12353
	2000	000002253777C6E0	0	19	2	0	3024	46752	12353
112	2000	000002253777C6E0	0	19	2	0	3024	46752	12353
	2000	000002253777C6E0	0	19	2	0	3192	43560	11708
	2000	000002253777C6E0	0	19	2	0	3192	43560	11708
	2000	000002253777C6E0	0	19	2	0	3192	43560	11708
	2000	000002253777C6E0	0	19	2	0	3192	43560	11708
	2000	000002253777C6E0	0	19	2	0	3192	43560	11708
	2000	000002253777C6E0	0	19	2	0	3192	43560	11708
	2000	000002253777C6E0	0	19	2	0	3192	43560	11708
	2000	000002253777C6E0	0	19	2	0	3192	43560	11708
	2000	000002253777C6E0	0	19	2	0	3192	43560	11708
	2000	000002253777C6E0	0	19	2	0	3192	43560	11708
	2000	000002253777C6E0	0	19	2	0	3192	43560	11708
	2000	000002253777C6E0	0	19	2	0	3192	43560	11708
	2000	000002253777C6E0	0	19	2	0	3192	43560	11708
	2000	000002253777C6E0	0	19	2	0	3192	43560	11708
	2000	000002253777C6E0	0	19	2	0	3192	43560	11708
	2000	000002253777C6E0	0	19	2	0	3192	43560	11708
	2000	000002253777C6E0	0	19	2	0	3192	43560	11708
	2000	000002253777C6E0	0	19	2	0	3192	43560	11708
	2000	000002253777C6E0	0	19	2	0	3192	43560	11708
132	2000	000002253777C6E0	0	19	2	0	3192	43560	11708
	2000	000002253777C6E0	0	19	2	0	3192	55152	14054
	2000	000002253777C6E0	0	19	2	0	3192	55152	14054
	2000	000002253777C6E0	0	19	2	0	3192	55152	14054
	2000	000002253777C6E0	0	19	2	0	3192	55152	14054
137	2000	000002253777C6E0	0	19	2	0	3192	55152	14054
	2000	000002253777CA60	0	19	2	0	1092	35304	8869
	2000	000002253777CA60	0	19	2	0	1092	35304	8869
	2000	000002253777CA60	0	19	2	0	1092	35304	8869
141	2000	000002253777CA60	0	19	2	0	1092	35304	8869
	2000	000002253777CA60	0	19	2	0	2076	36396	9275
	2000	000002253777CA60	0	19	2	0	2076	36396	9275
	2000	000002253777CA60	0	19	2	0	2076	36396	9275
	2000	000002253777CA60	0	19	2	0	2076	36396	9275
	2000	000002253777CA60	0	19	2	0	2076	36396	9275
147	2000	000002253777CA60	0	19	2	0	2076	36396	9275
	2000	000002253777CA60	0	19	2	0	2076	38472	10062
	2000	000002253777CA60	0	19	2	0	2076	38472	10062
	2000	000002253777CA60	0	19	2	0	2076	38472	10062
	2000	000002253777CA60	0	19	2	0	2076	38472	10062
	2000	000002253777CA60	0	19	2	0	2076	38472	10062
	2000	000002253777CA60	0	19	2	0	2076	38472	10062
	2000	000002253777CA60	0	19	2	0	2076	38472	10062
	2000	000002253777CA60	0	19	2	0	2076	38472	10062
156	2000	000002253777CA60	0	19	2	0	2076	38472	10062
157	2000	000002253777D5C0	0	19	2	0	72	152031	42698
158	2000	000002253777D5C0	0	19	2	0	72	152103	42738
159	2000	000002253777D5C0	0	19	2	0	72	152175	42778
160	2000	000002253777D5C0	0	19	2	0	72	152247	42818
161	2000	000002253777E2E0	0	19	2	0	72	151743	42538
162	2000	000002253777E2E0	0	19	2	0	72	151815	42578
163	2000	000002253777E2E0	0	19	2	0	72	151887	42618
164	2000	000002253777E2E0	0	19	2	0	72	151959	42658
165	2000	000002253777E2E0	0	19	2	0	180	126219	30981
166	2000	000002253777E900	0	19	2	0	36	150243	42061
167	2000	000002253777E900	0	19	2	0	84	151659	42490
168	2000	000002253777E900	0	19	2	0	96	126399	31045
169	2000	000002253777E900	0	19	2	0	156	126495	31093
170	2000	000002253777E900	0	19	2	0	708	126651	31181
171	2000	000002253777E900	0	19	2	1	66	126153	30949
	2000	000002253777E9E0	0	19	2	0	1296	40548	10852
173	2000	000002253777E9E0	0	19	2	0	1296	40548	10852
	2000	000002253777E9E0	0	19	2	0	1296	41844	11191
	2000	000002253777E9E0	0	19	2	0	1296	41844	11191
176	2000	000002253777E9E0	0	19	2	0	1296	41844	11191
	2000	000002253777EF20	0	19	2	0	26112	9192	4350
	2000	000002253777EF20	0	19	2	0	26112	9192	4350
179	2000	000002253777EF20	0	19	2	0	26112	9192	4350
180	3000	0000022520BD67F0	0	16	1	0	36	0	0
